rec_tracker_only_211_p1_1_th90_90_n5000 9.996000e-01 4.939104e-01 7.692952e-03 6.506153e-04 7.986619e-06 8.109757e-04 6.583759e-06
rec_tracker_only_211_p1_1_th62_62_n5000 9.986000e-01 4.923377e-01 7.457520e-03 6.716985e-04 9.020045e-06 9.416744e-04 8.390978e-06
rec_tracker_only_211_p1_1_th40_40_n5000 9.990000e-01 5.482176e-01 8.784773e-03 7.910729e-04 9.070243e-06 1.378177e-03 1.427359e-05
rec_tracker_only_211_p1_1_th25_25_n5000 9.978000e-01 5.598184e-01 7.597850e-03 9.571737e-04 1.321162e-05 2.309223e-03 3.459524e-05
rec_tracker_only_211_p1_1_th15_15_n5000 9.946000e-01 8.245962e-01 1.271362e-02 1.135189e-03 1.491669e-05 4.020821e-03 7.139273e-05
rec_tracker_only_211_p1_1_th9_9_n5000 -1 -1 -1 -1 -1 -1 -1
rec_tracker_only_211_p1_1_th5_5_n5000 -1 -1 -1 -1 -1 -1 -1
rec_tracker_only_211_p2_2_th90_90_n5000 9.992000e-01 5.426275e-01 8.231226e-03 3.786421e-04 2.592754e-06 5.027002e-04 2.175383e-06
rec_tracker_only_211_p2_2_th62_62_n5000 9.994000e-01 5.678199e-01 9.021584e-03 3.954952e-04 3.014692e-06 5.884317e-04 2.070712e-06
rec_tracker_only_211_p2_2_th40_40_n5000 9.986000e-01 6.336228e-01 1.107203e-02 4.407803e-04 3.529390e-06 8.100443e-04 6.222418e-06
rec_tracker_only_211_p2_2_th25_25_n5000 9.978000e-01 5.282707e-01 5.194788e-03 5.240603e-04 4.582453e-06 1.316028e-03 1.231844e-05
rec_tracker_only_211_p2_2_th15_15_n5000 9.984000e-01 7.314208e-01 9.674156e-03 6.577530e-04 6.447372e-06 2.343269e-03 3.486346e-05
rec_tracker_only_211_p2_2_th9_9_n5000 -1 -1 -1 -1 -1 -1 -1
rec_tracker_only_211_p2_2_th5_5_n5000 -1 -1 -1 -1 -1 -1 -1
rec_tracker_only_211_p5_5_th90_90_n5000 9.998000e-01 6.137781e-01 7.972539e-03 2.028848e-04 7.517960e-07 2.241521e-04 5.698161e-07
rec_tracker_only_211_p5_5_th62_62_n5000 9.998000e-01 6.640549e-01 8.453029e-03 2.018199e-04 8.776031e-07 2.676724e-04 8.366733e-07
rec_tracker_only_211_p5_5_th40_40_n5000 9.998000e-01 7.263509e-01 1.134837e-02 2.057541e-04 8.569786e-07 4.178845e-04 1.810893e-06
rec_tracker_only_211_p5_5_th25_25_n5000 9.996000e-01 4.424870e-01 3.679345e-03 2.359844e-04 8.534230e-07 5.588961e-04 2.508316e-06
rec_tracker_only_211_p5_5_th15_15_n5000 9.984000e-01 5.639554e-01 5.201465e-03 3.039617e-04 1.434660e-06 1.128232e-03 8.821228e-06
rec_tracker_only_211_p5_5_th9_9_n5000 -1 -1 -1 -1 -1 -1 -1
rec_tracker_only_211_p5_5_th5_5_n5000 -1 -1 -1 -1 -1 -1 -1
rec_tracker_only_211_p10_10_th90_90_n5000 1.000000e+00 6.221267e-01 7.605158e-03 1.080776e-04 2.709125e-07 1.178176e-04 2.632135e-07
rec_tracker_only_211_p10_10_th62_62_n5000 1.000000e+00 6.708582e-01 9.029295e-03 1.112507e-04 2.446743e-07 1.419572e-04 2.918012e-07
rec_tracker_only_211_p10_10_th40_40_n5000 1.000000e+00 8.009789e-01 1.201321e-02 1.142176e-04 2.803068e-07 2.330971e-04 7.290336e-07
rec_tracker_only_211_p10_10_th25_25_n5000 9.998000e-01 4.855313e-01 3.423958e-03 1.220212e-04 3.908062e-07 3.064206e-04 8.123699e-07
rec_tracker_only_211_p10_10_th15_15_n5000 9.992000e-01 5.107246e-01 4.083592e-03 1.579434e-04 4.670932e-07 6.126551e-04 2.519207e-06
rec_tracker_only_211_p10_10_th9_9_n5000 -1 -1 -1 -1 -1 -1 -1
rec_tracker_only_211_p10_10_th5_5_n5000 -1 -1 -1 -1 -1 -1 -1
rec_tracker_only_211_p20_20_th90_90_n5000 1.000000e+00 6.518747e-01 1.023817e-02 5.563428e-05 1.296841e-07 7.174302e-05 1.328047e-07
rec_tracker_only_211_p20_20_th62_62_n5000 1.000000e+00 6.914539e-01 8.348467e-03 5.722179e-05 1.582273e-07 8.246109e-05 1.432768e-07
rec_tracker_only_211_p20_20_th40_40_n5000 1.000000e+00 7.815816e-01 1.473487e-02 6.857679e-05 9.954330e-08 1.188571e-04 2.261965e-07
rec_tracker_only_211_p20_20_th25_25_n5000 9.996000e-01 5.541980e-01 5.768447e-03 6.340011e-05 1.101353e-07 1.717568e-04 5.569059e-07
rec_tracker_only_211_p20_20_th15_15_n5000 1.000000e+00 5.271801e-01 4.133017e-03 8.160633e-05 1.608322e-07 3.132145e-04 9.691899e-07
rec_tracker_only_211_p20_20_th9_9_n5000 -1 -1 -1 -1 -1 -1 -1
rec_tracker_only_211_p20_20_th5_5_n5000 -1 -1 -1 -1 -1 -1 -1
rec_tracker_only_211_p30_30_th90_90_n5000 1.000000e+00 7.172930e-01 9.458685e-03 3.950406e-05 6.985895e-08 6.102567e-05 8.853756e-08
rec_tracker_only_211_p30_30_th62_62_n5000 1.000000e+00 7.462120e-01 9.685328e-03 4.130082e-05 5.389905e-08 6.750194e-05 8.313572e-08
rec_tracker_only_211_p30_30_th40_40_n5000 1.000000e+00 7.975609e-01 1.422290e-02 4.864867e-05 8.065869e-08 8.810114e-05 1.298944e-07
rec_tracker_only_211_p30_30_th25_25_n5000 1.000000e+00 6.093119e-01 6.880078e-03 4.490589e-05 8.800096e-08 1.284817e-04 2.914522e-07
rec_tracker_only_211_p30_30_th15_15_n5000 1.000000e+00 5.339619e-01 4.982382e-03 5.481057e-05 8.256144e-08 2.177985e-04 4.239475e-07
rec_tracker_only_211_p30_30_th9_9_n5000 -1 -1 -1 -1 -1 -1 -1
rec_tracker_only_211_p30_30_th5_5_n5000 -1 -1 -1 -1 -1 -1 -1
rec_tracker_only_211_p50_50_th90_90_n5000 1.000000e+00 8.852933e-01 1.697696e-02 2.852575e-05 4.463659e-08 5.223143e-05 1.067848e-07
rec_tracker_only_211_p50_50_th62_62_n5000 1.000000e+00 8.277391e-01 1.857573e-02 2.918272e-05 2.998911e-08 5.401361e-05 8.222959e-08
rec_tracker_only_211_p50_50_th40_40_n5000 1.000000e+00 8.578421e-01 1.454931e-02 3.247556e-05 4.078546e-08 6.631998e-05 1.153510e-07
rec_tracker_only_211_p50_50_th25_25_n5000 1.000000e+00 7.457451e-01 1.186515e-02 3.050137e-05 5.933186e-08 9.017366e-05 1.660770e-07
rec_tracker_only_211_p50_50_th15_15_n5000 1.000000e+00 5.706665e-01 5.916748e-03 3.605863e-05 4.434743e-08 1.355817e-04 3.563504e-07
rec_tracker_only_211_p50_50_th9_9_n5000 -1 -1 -1 -1 -1 -1 -1
rec_tracker_only_211_p50_50_th5_5_n5000 -1 -1 -1 -1 -1 -1 -1
